
Drosophila melanogaster

pubmed: 36038685, 35950520, 35810197, 35778382, 35696584, 35475221, 35468034, 35451554, 35311642, 35301437, 35275301, 35203282, 35072208, 35037688, 35037619, 35030229, 35003118, 34986144, 34937053, 34931250

pmc: 9535882, 9512826, 9500252, 9505606, 9479294, 9477969, 9474875, 9511220, 9499297, 9494244, 9505094, 9440207, 9508838, 9506224, 9395397, 9392720, 9382207, 9411422, 9369929, 9371440

books: 5385446, 5095258, 5094344, 4971082, 4971074, 4684068, 4626486, 4626462, 4474316, 4304486, 4285860, 4133684, 4126134, 4126102, 4073014, 4072976, 3312398, 3298674, 3252726, 3226084

nuccore: 671162316, 671162122, 665408077, 665408076, 665408075, 665408074, 665408073, 665394255, 665394254, 665394253, 665394252, 665394251, 665394250, 665393555, 665393554, 442625473, 442625472, 442625471, 442625470, 667674288

protein: 78706930, 78706928, 78706926, 78706924, 78706922, 45553381, 24647525, 24647523, 24647521, 24645049, 24645047, 24581146, 24581142, 24581140, 18079282, 17985969, 17137468, 599125415, 28380378, 28380377

genome: 47

structure: 127133, 127132, 127060, 71619, 24928

gene: 33432, 3771877, 42034, 40996

sra: 21466677, 21466672, 21466667, 21466662, 21466657, 21466648, 21466638, 21466628, 21466618, 21466609, 18091784, 18091783, 18091782, 18091781, 18091780, 18091779, 18091778, 18091777, 18091776, 18091775

popset: 24431023, 227937544, 227937507, 227937470, 6002964

geoprofiles: 130082664, 130080820, 130079854, 130078342, 130077005, 130075878, 130075872, 130075021, 130073736, 130072429, 130068587, 100929164, 100927320, 100926354, 100924842, 100923505, 100922378, 100922372, 100921521, 100920236

gds: 200217005, 200189554, 200184454, 200171547, 200175942, 200166714, 200153905, 200153904, 200153903, 200163983, 200154298, 200154297, 200154296, 200140391, 200130993, 200122575, 200122574, 200122573, 200122557, 200121670

homologene: 134459, 131181, 926

bioproject: 896560, 783569, 764702, 720047, 701668, 688480, 645826, 645824, 645823, 589588, 542258, 498315, 498087, 453135, 394835, 388078, 340284, 325898, 312961, 297176

biosample: 27882104, 27882099, 27882094, 27882089, 27882084, 27882075, 27882065, 27882055, 27882045, 27882036, 23439943, 23439942, 23439941, 23439940, 23439939, 23439938, 23439937, 23439936, 23439935, 23439934

Caenorhabditis elegans

pubmed: 36417880, 36417877, 36386171, 36385214, 36361717, 36355546, 36347545, 36346800, 36337637, 36323683, 36302976, 36290719, 36284093, 36267808, 36261415, 36261024, 36235629, 36234702, 36226991, 36199198

pmc: 9548130, 9534930, 9549314, 9547200, 9525577, 9532072, 9530788, 9514849, 9502998, 9483357, 9510030, 9480990, 9518657, 9473689, 9470673, 9470070, 9495765, 9462848, 9490402, 9460374

books: 4684068, 4684054, 4684052, 4684044, 4684026, 4684022, 4684020, 4684012, 4684004, 4492164, 4492160, 4444810, 4300820, 4096202, 4096190, 4079342, 4078918, 4078916, 4078906, 3385768

nuccore: 1972309854, 1972309849, 1972309844, 1972261917, 1972261914, 1972234961, 1845980302, 1845971004, 1831520884, 1831520883, 1831520882, 1831510142, 1831510141, 1831510140, 1831510139, 1831506732, 1831506730, 1831506728, 1831506727, 1831506724

protein: 2152672210, 939319623, 374095504, 263432260, 1972309855, 1972309850, 1972309845, 1831520887, 1831520885, 1831506733, 1831506731, 1831506729, 1831506725, 1831506720, 1831506717, 1799133374, 1799133372, 922580396, 922580394, 922580392

genome: 41

gene: 172981, 175410, 181263, 173078

sra: 24690651, 24690650, 24690649, 24690648, 24690647, 24690646, 24690645, 24690644, 24628702, 24628701, 24628700, 24628699, 24628698, 24628697, 24628696, 24628695, 23964443, 23964442, 23964441, 23964440

geoprofiles: 117132578, 117128406, 117127495, 117124644, 117124488, 117123920, 117123629, 117123405, 117122968, 117122927, 117120238, 117119171, 117117244, 117115446, 117114951, 117114764, 117113116, 117112388, 117111999, 117109178

gds: 200178172, 200178171, 200178170, 200190068, 200199971, 200208154, 200192941, 200203087, 200199192, 200197412, 200197411, 200197410, 200184415, 200145123, 200110840, 200179166, 200182981, 200154338, 200179825, 200149944

homologene: 30997

bioproject: 886550, 871468, 858484, 838551, 822383, 818775, 810176, 810175, 801195, 793860, 785653, 783601, 770129, 758580, 745188, 742545, 737503, 737502, 706907, 680496

biosample: 19697558, 19697557, 19697556, 19697552, 19697551, 19697550, 23573920, 23573919, 23573918, 23573917, 23573916, 23573915, 23573914, 23573913, 23573912, 23573911, 23573910, 23573909, 31126754, 31126753
